<?xml version="1.0"?>
<opencv_storage>
<Rectified_Pose1 type_id="opencv-matrix">
  <rows>3</rows>
  <cols>3</cols>
  <dt>d</dt>
  <data>
    9.9996349385154837e-01 8.1620406715818133e-03
    -2.5282516250928490e-03 -8.1571670823242168e-03
    9.9996486337770296e-01 1.9320028992832765e-03 2.5439318771119882e-03
    -1.9113089983665899e-03 9.9999493764144487e-01</data></Rectified_Pose1>
<Rectified_Pose2 type_id="opencv-matrix">
  <rows>3</rows>
  <cols>3</cols>
  <dt>d</dt>
  <data>
    9.9986213333397722e-01 1.4758076544432839e-02 7.6100920846456314e-03
    -1.4743424676738899e-02 9.9988935366162568e-01
    -1.9778430012904898e-03 -7.6384392142276906e-03
    1.8653715032369619e-03 9.9996908683995100e-01</data></Rectified_Pose2>
<Projection_matrix1 type_id="opencv-matrix">
  <rows>3</rows>
  <cols>4</cols>
  <dt>d</dt>
  <data>
    4.2010980392187912e+02 0. 3.4246206665039063e+02 0. 0.
    4.2010980392187912e+02 2.6270087432861328e+02 0. 0. 0. 1. 0.</data></Projection_matrix1>
<Projection_matrix2 type_id="opencv-matrix">
  <rows>3</rows>
  <cols>4</cols>
  <dt>d</dt>
  <data>
    4.2010980392187912e+02 0. 3.4885622406005859e+02
    -1.0319346660809972e+03 0. 4.2010980392187912e+02
    2.6270087432861328e+02 0. 0. 0. 1. 0.</data></Projection_matrix2>
<Depth_matrix type_id="opencv-matrix">
  <rows>4</rows>
  <cols>4</cols>
  <dt>d</dt>
  <data>
    1. 0. 0. -3.4246206665039063e+02 0. 1. 0. -2.6270087432861328e+02 0.
    0. 0. 4.2010980392187912e+02 0. 0. 4.0710891661130072e-01
    2.6031184956920477e+00</data></Depth_matrix>
</opencv_storage>
